0 FILE TowballSocketAxle.dat
0 Towball Socket Axle
0 Name:  TowballSocketAxle.dat
0 Author:  
0 BFC CERTIFY CCW
1 16 10.0000 -10.0000 -21.0000 -1.0000 0.0000 0.0000 0.0000 -1.0000 0.0000 0.0000 0.0000 1.0000 s/63082s02.dat
1 16 10.0000 -10.0000 -21.0000 1.0000 0.0000 0.0000 0.0000 -1.0000 0.0000 0.0000 0.0000 1.0000 s/63082s02.dat
1 16 10.0000 -10.0000 -21.0000 -1.0000 0.0000 0.0000 0.0000 1.0000 0.0000 0.0000 0.0000 1.0000 s/63082s02.dat
1 16 10.0000 -10.0000 -21.0000 1.0000 0.0000 0.0000 0.0000 1.0000 0.0000 0.0000 0.0000 1.0000 s/63082s02.dat
1 16 10.0000 -10.0000 -21.0000 0.0000 0.0000 1.0000 1.0000 0.0000 0.0000 0.0000 20.0000 0.0000 axle.dat
