0 FILE TowballSocketPlateModified.dat
0 TowballSocketPlateModified.dat
0 Name:  TowballSocketPlateModified.dat
0 Author:  
0 BFC CERTIFY CCW
3 16 14.000 0.000 14.000 46.000 0.000 14.000 50.000 0.000 10.000
3 16 50.000 0.000 10.000 10.000 0.000 10.000 14.000 0.000 14.000
3 16 46.000 0.000 14.000 46.000 0.000 26.000 50.000 0.000 30.000
3 16 50.000 0.000 30.000 50.000 0.000 10.000 46.000 0.000 14.000
3 16 46.000 0.000 26.000 14.000 0.000 26.000 10.000 0.000 30.000
3 16 10.000 0.000 30.000 50.000 0.000 30.000 46.000 0.000 26.000
3 16 14.000 0.000 26.000 14.000 0.000 14.000 10.000 0.000 10.000
3 16 10.000 0.000 10.000 10.000 0.000 30.000 14.000 0.000 26.000
1 16 30.0000 0.0000 20.0000 -20.0000 0.0000 0.0000 0.0000 -8.0000 0.0000 0.0000 0.0000 -10.0000 box5.dat
0 BFC INVERTNEXT
1 16 30.0000 0.0000 20.0000 -16.0000 0.0000 0.0000 0.0000 -4.0000 0.0000 0.0000 0.0000 -6.0000 box5.dat
1 16 20.0000 -8.0000 20.0000 1.0000 0.0000 0.0000 0.0000 1.0000 0.0000 0.0000 0.0000 1.0000 stud.dat
1 16 30.0000 -4.0000 20.0000 1.0000 0.0000 0.0000 0.0000 -1.0000 0.0000 0.0000 0.0000 1.0000 stud3.dat
1 16 40.0000 -18.0000 20.0000 0.0000 -1.0000 0.0000 0.0000 0.0000 1.0000 -1.0000 0.0000 0.0000 joint-8-socket-frica.dat
